-1,-1,-1,-1,-1,-1,-1,-1,-1,-1,-1,-1,-1,-1,-1,-1,-1,-1,-1,-1,-1,-1,-1,-1,-1,-1,-1,-1,-1,-1,-1,-1,-1,-1,-1,-1,-1,-1,-1,-1,-1,-1,-1,-1,-1,-1,-1,-1,-1,2,2,2,2,-1,-1,-1,-1,-1,-1,-1,-1,-1,-1,-1,-1,-1,-1,-1,-1,-1,-1,-1,-1,-1,-1,-1,-1,-1,-1,-1,-1,-1,-1,-1,-1,-1,-1,-1,-1,-1,-1,-1,-1,-1,-1,-1,-1,-1,-1,-1,-1,-1,-1,-1,-1,-1,
-1,-1,-1,-1,-1,-1,-1,-1,-1,-1,-1,-1,-1,-1,-1,-1,-1,-1,-1,-1,-1,-1,-1,-1,-1,-1,-1,-1,-1,-1,-1,-1,-1,-1,-1,-1,-1,-1,-1,-1,-1,-1,-1,-1,-1,-1,-1,2,2,10,10,10,10,2,2,-1,-1,-1,-1,-1,-1,-1,-1,-1,-1,-1,-1,-1,-1,-1,-1,-1,-1,-1,-1,-1,-1,-1,-1,-1,-1,-1,-1,-1,-1,-1,-1,-1,-1,-1,-1,-1,-1,-1,-1,-1,-1,-1,-1,-1,-1,-1,-1,-1,-1,-1,
-1,-1,-1,-1,-1,-1,-1,-1,-1,-1,-1,-1,-1,-1,-1,-1,-1,-1,-1,-1,-1,-1,-1,-1,-1,-1,-1,-1,-1,-1,-1,-1,-1,-1,-1,-1,-1,-1,-1,-1,-1,-1,2,2,2,2,2,2,2,10,10,10,10,10,2,-1,-1,-1,-1,-1,-1,-1,-1,-1,-1,-1,-1,-1,-1,-1,-1,-1,-1,-1,-1,-1,-1,-1,-1,-1,-1,-1,-1,-1,-1,-1,-1,-1,-1,-1,-1,-1,-1,-1,-1,-1,-1,-1,-1,-1,-1,-1,-1,-1,-1,-1,
-1,-1,-1,-1,-1,-1,-1,-1,-1,-1,-1,-1,-1,-1,-1,-1,-1,-1,-1,-1,-1,-1,-1,-1,-1,-1,-1,-1,-1,-1,-1,-1,-1,-1,-1,-1,-1,-1,-1,-1,-1,-1,2,2,2,2,2,2,2,10,10,10,10,10,2,-1,-1,-1,-1,-1,-1,-1,-1,-1,-1,-1,-1,-1,-1,-1,-1,-1,-1,-1,-1,-1,-1,-1,-1,-1,-1,-1,-1,-1,-1,-1,-1,-1,-1,-1,-1,-1,-1,-1,-1,-1,-1,-1,-1,-1,-1,-1,-1,-1,-1,-1,
-1,-1,-1,-1,-1,-1,-1,-1,-1,-1,-1,-1,-1,-1,-1,-1,-1,-1,-1,-1,-1,-1,-1,-1,-1,-1,-1,-1,-1,-1,-1,-1,-1,-1,-1,-1,-1,-1,-1,-1,-1,2,2,10,10,2,2,2,2,10,10,10,10,10,2,2,-1,-1,-1,-1,-1,-1,-1,-1,-1,-1,-1,-1,-1,-1,-1,-1,-1,-1,-1,-1,-1,-1,-1,-1,-1,-1,-1,-1,-1,-1,-1,-1,-1,-1,-1,-1,-1,-1,-1,-1,-1,-1,-1,-1,-1,-1,-1,-1,-1,-1,
-1,-1,-1,-1,-1,-1,-1,-1,-1,-1,-1,-1,-1,-1,-1,-1,-1,-1,-1,-1,-1,-1,-1,-1,-1,-1,-1,-1,-1,-1,-1,-1,-1,-1,-1,-1,-1,-1,-1,-1,-1,2,10,10,10,10,10,10,10,10,10,10,10,10,10,2,2,2,-1,-1,2,2,2,2,2,-1,-1,-1,-1,-1,-1,-1,-1,-1,-1,-1,-1,-1,-1,-1,-1,-1,-1,-1,-1,-1,-1,-1,-1,-1,-1,-1,-1,-1,-1,-1,-1,-1,-1,-1,-1,-1,-1,-1,-1,-1,
-1,-1,-1,-1,-1,-1,-1,-1,-1,-1,-1,-1,-1,-1,-1,-1,-1,-1,-1,-1,-1,-1,-1,-1,-1,-1,-1,-1,-1,-1,-1,-1,-1,-1,-1,-1,-1,-1,-1,-1,-1,2,10,10,10,10,10,10,10,10,10,10,10,10,10,10,10,10,2,2,2,10,10,10,2,2,2,-1,-1,-1,-1,-1,-1,-1,-1,-1,-1,-1,-1,-1,-1,-1,-1,-1,-1,-1,-1,-1,-1,-1,-1,-1,-1,-1,-1,-1,-1,-1,-1,-1,-1,-1,-1,-1,-1,-1,
-1,-1,-1,-1,-1,-1,-1,-1,-1,-1,-1,-1,-1,-1,-1,-1,-1,-1,-1,-1,-1,-1,-1,-1,-1,-1,-1,-1,-1,-1,-1,-1,-1,-1,-1,-1,-1,-1,-1,-1,-1,2,10,10,10,10,10,10,10,10,10,10,10,10,10,10,10,10,2,2,10,10,10,10,10,2,2,-1,-1,-1,-1,-1,-1,-1,-1,-1,-1,-1,-1,-1,-1,-1,-1,-1,-1,-1,-1,-1,-1,-1,-1,-1,-1,-1,-1,-1,-1,-1,-1,-1,-1,-1,-1,-1,-1,-1,
-1,-1,-1,-1,-1,-1,-1,-1,-1,-1,-1,-1,-1,-1,-1,-1,-1,-1,-1,-1,-1,-1,-1,-1,-1,-1,-1,-1,-1,-1,-1,-1,-1,-1,-1,-1,-1,-1,-1,-1,-1,2,2,10,10,10,10,10,10,10,10,10,10,10,10,10,10,10,2,2,10,10,10,10,10,2,2,-1,-1,-1,-1,-1,-1,-1,-1,-1,-1,-1,-1,-1,-1,-1,-1,-1,-1,-1,-1,-1,-1,-1,-1,-1,-1,-1,-1,-1,-1,-1,-1,-1,-1,-1,-1,-1,-1,-1,
-1,-1,-1,-1,-1,-1,-1,-1,-1,-1,-1,-1,-1,-1,-1,-1,-1,-1,-1,-1,-1,-1,-1,-1,-1,-1,-1,-1,-1,-1,-1,-1,-1,-1,-1,-1,-1,-1,2,2,2,2,10,10,10,10,10,10,10,10,10,10,10,10,10,10,10,10,2,2,10,10,10,10,2,2,2,-1,-1,-1,-1,-1,-1,-1,-1,-1,-1,-1,-1,-1,-1,-1,-1,-1,-1,-1,-1,-1,-1,-1,-1,-1,-1,-1,-1,-1,-1,-1,-1,-1,-1,-1,-1,-1,-1,-1,
-1,-1,-1,-1,-1,-1,-1,-1,-1,-1,-1,-1,-1,-1,-1,-1,-1,-1,-1,-1,-1,-1,-1,-1,-1,-1,-1,-1,-1,-1,-1,-1,-1,-1,-1,-1,-1,-1,10,10,10,10,10,10,10,10,10,10,10,10,10,10,2,10,10,10,10,10,2,10,10,10,10,10,2,2,2,2,2,2,2,-1,-1,-1,-1,-1,-1,-1,-1,-1,-1,-1,-1,-1,-1,-1,-1,-1,-1,-1,-1,-1,-1,-1,-1,-1,-1,-1,-1,-1,-1,-1,-1,-1,-1,-1,
-1,-1,-1,-1,-1,-1,-1,-1,-1,-1,-1,-1,-1,-1,-1,-1,-1,-1,-1,-1,-1,-1,-1,-1,-1,-1,-1,-1,-1,-1,-1,-1,-1,-1,-1,-1,-1,2,10,10,10,10,10,10,10,10,10,10,10,10,10,2,2,2,2,2,2,2,2,10,10,10,10,10,10,2,2,2,2,2,2,-1,-1,-1,-1,-1,-1,-1,-1,-1,-1,-1,-1,-1,-1,-1,-1,-1,-1,-1,-1,-1,-1,-1,-1,-1,-1,-1,-1,-1,-1,-1,-1,-1,-1,-1,
-1,-1,-1,-1,-1,-1,-1,-1,-1,-1,-1,-1,-1,-1,-1,-1,-1,-1,-1,-1,-1,-1,-1,-1,-1,-1,-1,-1,-1,-1,-1,-1,-1,-1,-1,-1,-1,2,10,10,10,10,10,10,10,10,10,10,10,10,10,2,2,10,10,10,2,2,2,10,10,10,10,10,2,2,2,2,2,2,2,2,-1,-1,-1,-1,-1,-1,-1,-1,-1,-1,-1,-1,-1,-1,-1,-1,-1,-1,-1,-1,-1,-1,-1,-1,-1,-1,-1,-1,-1,-1,-1,-1,-1,-1,
-1,-1,-1,-1,-1,-1,-1,-1,-1,-1,-1,-1,-1,-1,-1,-1,-1,-1,-1,-1,-1,-1,-1,-1,-1,-1,-1,-1,-1,-1,-1,-1,-1,-1,-1,-1,-1,2,10,10,10,10,10,10,10,10,10,10,10,10,10,10,10,10,10,10,10,10,2,10,10,10,10,10,2,2,10,10,10,10,2,2,-1,-1,-1,-1,-1,-1,-1,-1,-1,-1,-1,-1,-1,-1,-1,-1,-1,-1,-1,-1,-1,-1,-1,-1,-1,-1,-1,-1,-1,-1,-1,-1,-1,-1,
-1,-1,-1,-1,-1,-1,-1,-1,-1,-1,-1,-1,-1,-1,-1,-1,-1,-1,-1,-1,-1,-1,-1,-1,-1,-1,-1,-1,-1,-1,-1,-1,-1,-1,-1,-1,-1,-1,10,10,10,10,10,10,10,10,10,10,10,10,10,10,10,10,10,10,10,10,10,10,10,10,10,10,10,10,10,10,10,10,2,2,-1,-1,-1,-1,-1,-1,-1,-1,-1,-1,-1,-1,-1,-1,-1,-1,-1,-1,-1,-1,-1,-1,-1,-1,-1,-1,-1,-1,-1,-1,-1,-1,-1,-1,
-1,-1,-1,-1,-1,-1,-1,-1,-1,-1,-1,-1,-1,-1,-1,-1,-1,-1,-1,-1,-1,-1,-1,-1,-1,-1,-1,-1,-1,-1,-1,-1,-1,-1,-1,-1,-1,-1,2,2,2,10,10,10,10,10,10,10,10,10,10,10,10,10,10,10,10,10,10,10,10,10,10,10,10,10,10,10,10,10,2,2,-1,-1,-1,-1,-1,-1,-1,-1,-1,-1,-1,-1,-1,-1,-1,-1,-1,-1,-1,-1,-1,-1,-1,-1,-1,-1,-1,-1,-1,-1,-1,-1,-1,-1,
-1,-1,-1,-1,-1,-1,-1,-1,-1,-1,-1,-1,-1,-1,-1,-1,-1,-1,-1,-1,-1,-1,-1,-1,-1,-1,-1,-1,-1,-1,-1,-1,-1,-1,-1,-1,-1,-1,-1,-1,-1,10,10,10,10,10,10,10,10,10,10,10,10,10,10,10,10,10,10,10,10,10,10,10,10,10,10,10,2,2,2,2,2,2,2,2,2,-1,-1,-1,-1,-1,-1,-1,-1,-1,-1,-1,-1,-1,-1,-1,-1,-1,-1,-1,-1,-1,-1,-1,-1,-1,-1,-1,-1,-1,
-1,-1,-1,-1,-1,-1,-1,-1,-1,-1,-1,-1,-1,-1,-1,-1,-1,-1,-1,-1,-1,-1,-1,-1,-1,-1,-1,-1,-1,-1,-1,-1,-1,-1,-1,-1,-1,-1,-1,-1,-1,2,10,10,10,10,10,10,10,10,10,10,10,10,10,10,10,10,10,10,10,10,10,10,10,10,10,2,2,2,2,2,2,2,2,2,2,2,2,-1,-1,-1,-1,-1,-1,-1,-1,-1,-1,-1,-1,-1,-1,-1,-1,-1,-1,-1,-1,-1,-1,-1,-1,-1,-1,-1,
-1,-1,-1,-1,-1,-1,-1,-1,-1,-1,-1,-1,-1,-1,-1,-1,-1,-1,-1,-1,-1,-1,-1,-1,-1,-1,-1,-1,-1,-1,-1,-1,-1,-1,-1,-1,-1,-1,-1,2,2,2,10,10,10,10,10,10,10,10,10,10,10,10,10,10,10,10,10,10,10,10,10,10,2,2,2,2,2,2,2,2,10,10,10,10,2,2,2,2,2,2,2,2,-1,-1,-1,-1,-1,-1,-1,-1,-1,-1,-1,-1,-1,-1,-1,-1,-1,-1,-1,-1,-1,-1,
-1,-1,-1,-1,-1,-1,-1,-1,-1,-1,-1,-1,-1,-1,-1,-1,-1,-1,-1,-1,-1,-1,-1,-1,-1,-1,-1,-1,-1,-1,-1,2,2,2,2,-1,-1,-1,2,2,2,2,2,10,10,10,10,10,10,10,10,10,10,10,10,10,10,10,10,10,10,10,10,10,2,2,2,2,2,2,2,10,10,10,10,10,2,2,2,2,2,2,2,2,2,-1,-1,-1,-1,-1,-1,-1,-1,-1,-1,-1,-1,-1,-1,-1,-1,-1,-1,-1,-1,-1,
-1,-1,-1,-1,-1,-1,-1,-1,-1,-1,-1,-1,-1,-1,-1,-1,-1,-1,-1,-1,-1,-1,-1,-1,-1,-1,-1,-1,-1,-1,2,10,10,10,10,2,2,2,2,2,2,2,2,10,10,10,10,10,10,10,2,10,10,10,10,10,10,10,10,10,10,10,10,10,2,2,2,2,2,2,10,10,10,10,10,10,2,2,2,10,10,10,10,2,2,-1,-1,-1,-1,-1,-1,-1,-1,-1,-1,-1,-1,-1,-1,-1,-1,-1,-1,-1,-1,-1,
-1,-1,-1,-1,-1,-1,-1,-1,-1,-1,-1,-1,-1,-1,-1,-1,-1,-1,-1,-1,-1,-1,-1,-1,-1,-1,-1,-1,-1,-1,2,10,10,10,10,2,2,2,2,2,2,2,2,10,10,10,10,10,10,10,2,10,10,10,10,10,10,10,10,10,10,10,10,10,2,2,2,2,2,2,10,10,10,10,10,10,2,2,2,10,10,10,10,2,2,-1,-1,-1,-1,-1,-1,-1,-1,-1,-1,-1,-1,-1,-1,-1,-1,-1,-1,-1,-1,-1,
-1,-1,-1,-1,-1,-1,-1,-1,-1,-1,-1,-1,-1,-1,-1,-1,-1,-1,-1,-1,-1,-1,-1,-1,-1,-1,-1,-1,-1,-1,2,10,10,10,10,10,10,10,2,2,2,2,2,10,10,10,10,2,2,2,2,10,10,10,10,10,10,10,10,10,10,10,10,10,10,10,10,10,10,10,10,10,10,10,10,10,2,2,2,2,10,10,10,2,2,-1,-1,-1,-1,-1,-1,-1,-1,-1,-1,-1,-1,-1,-1,-1,-1,-1,-1,-1,-1,-1,
-1,-1,-1,-1,-1,-1,-1,-1,-1,-1,-1,-1,-1,-1,-1,-1,-1,-1,-1,-1,-1,-1,-1,-1,-1,-1,-1,-1,-1,-1,-1,10,10,10,10,10,10,10,2,2,2,2,2,2,2,2,2,2,2,2,2,2,2,10,10,10,10,10,10,10,10,10,10,10,10,10,10,10,10,10,10,10,10,10,10,2,2,2,2,2,2,2,2,2,2,-1,-1,-1,-1,-1,-1,-1,-1,-1,-1,-1,-1,-1,-1,-1,-1,-1,-1,-1,-1,-1,
-1,-1,-1,-1,-1,-1,-1,-1,-1,-1,-1,-1,-1,-1,-1,-1,-1,-1,-1,-1,-1,-1,-1,-1,-1,-1,-1,-1,-1,-1,-1,2,2,10,10,10,10,10,2,2,2,2,2,2,2,2,2,2,2,2,2,2,2,2,2,10,10,10,10,10,10,10,10,10,10,10,10,10,10,10,10,2,2,2,2,2,2,2,2,2,2,2,2,2,2,-1,-1,-1,-1,-1,-1,-1,-1,-1,-1,-1,-1,-1,-1,-1,-1,-1,-1,-1,-1,-1,
-1,-1,-1,-1,-1,-1,-1,-1,-1,-1,-1,-1,-1,-1,-1,-1,-1,-1,-1,-1,-1,-1,-1,-1,-1,-1,-1,-1,-1,-1,-1,2,2,10,10,10,10,10,2,2,2,2,2,2,2,2,2,2,2,2,2,2,2,2,2,10,10,10,10,10,10,10,10,10,10,10,10,10,10,10,2,2,2,2,2,2,2,2,2,2,2,2,2,2,2,2,2,2,-1,-1,-1,-1,-1,-1,-1,-1,-1,-1,-1,-1,-1,-1,-1,-1,-1,-1,
-1,-1,-1,-1,-1,-1,-1,-1,-1,-1,-1,-1,-1,-1,-1,-1,-1,-1,-1,-1,-1,-1,-1,-1,-1,-1,2,2,2,2,2,10,10,10,10,10,10,10,10,2,2,2,2,2,2,2,2,2,2,2,2,2,2,2,2,10,10,10,10,10,10,10,10,10,10,10,10,10,10,2,2,2,2,2,2,0,2,2,2,2,2,2,2,2,2,2,2,2,2,-1,-1,-1,-1,-1,-1,-1,-1,-1,-1,-1,-1,-1,-1,-1,-1,-1,
-1,-1,-1,-1,-1,-1,-1,-1,-1,-1,-1,-1,-1,-1,-1,-1,-1,-1,-1,-1,-1,-1,-1,-1,-1,2,2,10,10,10,10,10,10,10,10,10,10,10,10,2,2,2,2,2,2,2,2,2,2,2,2,2,2,2,10,10,10,10,10,10,10,10,10,10,10,10,10,10,10,10,10,10,2,2,2,2,2,2,2,2,2,2,2,2,2,10,10,2,2,-1,-1,-1,-1,-1,-1,-1,-1,-1,-1,-1,-1,-1,-1,-1,-1,-1,
-1,-1,-1,-1,-1,-1,-1,-1,-1,-1,-1,-1,-1,-1,-1,-1,-1,-1,-1,-1,-1,-1,-1,-1,-1,2,2,10,10,10,10,10,10,10,10,10,10,10,10,2,2,2,10,10,10,10,2,2,2,2,10,10,10,2,10,10,10,10,10,10,10,10,2,2,2,2,10,10,10,10,10,10,2,2,2,2,2,2,2,2,2,2,2,2,10,10,10,2,2,-1,-1,-1,-1,-1,-1,-1,-1,-1,-1,-1,-1,-1,-1,-1,-1,-1,
-1,-1,-1,-1,-1,-1,-1,-1,-1,-1,-1,-1,-1,-1,-1,-1,-1,-1,-1,-1,-1,-1,-1,-1,-1,2,2,10,10,10,10,10,10,10,10,10,10,10,10,2,2,2,10,10,10,10,2,2,2,2,10,10,10,10,10,10,10,10,10,10,10,10,10,2,2,2,10,10,10,10,10,10,2,2,2,2,2,2,2,2,2,2,2,2,2,10,10,2,2,-1,-1,-1,-1,-1,-1,-1,-1,-1,-1,-1,-1,-1,-1,-1,-1,-1,
-1,-1,-1,-1,-1,-1,-1,-1,-1,-1,-1,-1,-1,-1,-1,-1,-1,-1,-1,-1,-1,-1,-1,-1,-1,2,2,2,10,10,10,10,10,10,10,10,10,10,10,10,2,10,10,10,10,10,10,2,2,10,10,10,10,10,10,10,10,10,10,10,10,10,10,10,2,2,10,10,10,10,10,10,2,2,2,2,2,2,2,2,2,2,2,2,2,2,2,2,2,-1,-1,-1,-1,-1,-1,-1,-1,-1,-1,-1,-1,-1,-1,-1,-1,-1,
-1,-1,-1,-1,-1,-1,-1,-1,-1,-1,-1,-1,-1,-1,-1,-1,-1,-1,-1,-1,-1,-1,-1,-1,-1,-1,-1,-1,2,10,10,10,10,10,10,10,10,10,10,10,10,10,10,10,10,10,10,10,10,10,10,10,10,10,10,10,2,2,2,10,10,10,10,2,2,2,2,2,2,10,10,2,2,2,2,2,2,2,2,2,10,10,10,10,2,2,2,2,-1,-1,-1,-1,-1,-1,-1,-1,-1,-1,-1,-1,-1,-1,-1,-1,-1,-1,
-1,-1,-1,-1,-1,-1,-1,-1,-1,-1,-1,-1,-1,-1,-1,-1,-1,-1,-1,-1,-1,-1,-1,-1,-1,-1,-1,-1,-1,2,10,10,10,10,2,10,10,10,10,10,10,10,10,10,10,10,10,10,10,10,10,10,10,10,10,2,2,2,2,2,10,10,10,2,2,2,2,2,2,2,2,2,10,10,10,2,2,2,2,2,10,10,10,10,2,2,2,-1,-1,-1,-1,-1,-1,-1,-1,-1,-1,-1,-1,-1,-1,-1,-1,-1,-1,-1,
-1,-1,-1,-1,-1,-1,-1,-1,-1,-1,-1,-1,-1,-1,-1,-1,-1,-1,-1,-1,-1,-1,-1,-1,-1,-1,-1,-1,-1,6,10,10,10,10,2,2,10,10,10,10,10,10,10,10,10,10,10,10,10,10,10,10,10,10,10,10,2,2,2,2,2,2,10,2,2,2,2,2,0,0,2,2,10,10,10,2,2,2,2,2,10,10,10,10,2,2,2,-1,-1,-1,-1,-1,-1,-1,-1,-1,-1,-1,-1,-1,-1,-1,-1,-1,-1,-1,
-1,-1,-1,-1,-1,-1,-1,-1,-1,-1,-1,-1,-1,-1,-1,-1,-1,-1,-1,-1,-1,-1,-1,-1,-1,-1,-1,-1,-1,-1,2,2,2,2,2,2,2,10,10,10,10,10,10,10,10,10,10,10,10,2,2,10,10,10,10,10,10,2,2,2,2,2,10,10,10,2,2,2,2,0,2,2,10,10,10,2,2,2,2,2,10,10,10,10,2,2,2,-1,-1,-1,-1,-1,-1,-1,-1,-1,-1,-1,-1,-1,-1,-1,-1,-1,-1,-1,
-1,-1,-1,-1,-1,-1,-1,-1,-1,-1,-1,-1,-1,-1,-1,-1,-1,-1,-1,-1,-1,-1,-1,-1,-1,-1,-1,-1,-1,-1,2,2,2,2,2,2,2,2,2,10,10,10,10,10,10,10,10,2,2,2,2,10,10,10,10,10,10,2,2,2,2,10,10,10,10,10,10,2,2,0,2,10,10,10,10,2,2,2,2,2,10,2,2,2,2,2,2,-1,-1,-1,-1,-1,-1,-1,-1,-1,-1,-1,-1,-1,-1,-1,-1,-1,-1,-1,
-1,-1,-1,-1,-1,-1,-1,-1,-1,-1,-1,-1,-1,-1,-1,-1,-1,-1,-1,-1,-1,2,2,2,2,-1,-1,-1,-1,2,2,2,2,2,2,2,0,2,2,10,10,10,10,10,10,10,10,10,10,10,2,2,2,10,10,10,10,2,2,2,0,0,2,10,10,10,10,2,2,2,2,10,10,10,2,2,2,2,2,2,2,2,2,2,10,10,2,2,2,2,2,2,2,-1,-1,-1,-1,-1,-1,-1,-1,-1,-1,-1,-1,-1,
-1,-1,-1,-1,-1,-1,-1,-1,-1,-1,-1,-1,-1,-1,-1,-1,-1,-1,-1,-1,-1,2,2,2,2,-1,-1,-1,-1,2,2,2,2,2,2,2,0,2,10,10,10,10,10,10,10,10,10,10,10,10,2,2,2,2,10,10,10,2,2,2,0,0,2,10,10,10,10,2,2,2,2,2,2,2,2,2,2,2,2,2,2,2,2,2,2,2,2,2,2,2,2,2,2,-1,-1,-1,-1,-1,-1,-1,-1,-1,-1,-1,-1,-1,
-1,-1,-1,-1,-1,-1,-1,-1,-1,-1,-1,-1,-1,-1,-1,-1,-1,-1,-1,-1,2,2,2,2,2,2,2,2,2,2,2,2,2,2,2,0,2,2,10,10,10,10,10,10,10,10,10,10,10,10,2,2,2,2,2,2,2,2,2,2,2,0,2,2,10,10,10,2,2,2,2,2,2,2,2,2,2,2,2,2,2,2,2,2,2,2,2,2,10,10,10,10,2,2,-1,-1,-1,-1,-1,-1,-1,-1,-1,-1,-1,-1,
-1,-1,-1,-1,-1,-1,-1,-1,-1,-1,-1,-1,-1,-1,-1,-1,-1,-1,2,2,2,2,2,2,10,10,10,10,10,10,2,2,2,2,2,2,2,10,10,10,10,10,10,10,10,10,10,10,10,10,2,2,2,2,2,2,2,2,2,2,2,0,2,2,2,2,2,2,2,2,0,0,2,2,2,2,2,0,0,2,2,2,2,2,2,2,2,2,2,10,10,10,10,2,-1,-1,-1,-1,-1,-1,-1,-1,-1,-1,-1,-1,
-1,-1,-1,-1,-1,-1,-1,-1,-1,-1,-1,-1,-1,-1,-1,-1,-1,-1,2,2,2,2,2,2,10,10,10,10,10,10,2,2,2,2,2,2,2,10,10,10,10,10,10,2,2,2,2,2,10,2,2,2,2,2,2,2,2,2,2,2,2,2,2,2,2,2,2,2,2,0,0,0,2,2,2,2,0,0,0,2,2,2,2,2,2,2,2,2,2,2,2,10,10,2,2,2,2,-1,-1,-1,-1,-1,-1,-1,-1,-1,
-1,-1,-1,-1,-1,-1,-1,-1,-1,-1,-1,-1,-1,-1,-1,-1,-1,-1,2,2,2,2,2,2,10,10,10,10,10,10,2,2,2,2,2,2,2,2,10,10,10,10,10,2,2,2,2,2,2,2,2,2,0,0,2,2,2,2,2,2,2,2,2,2,2,2,2,2,2,0,0,0,0,2,2,0,0,0,0,2,2,2,2,2,2,2,2,2,2,2,2,10,10,10,2,2,2,2,-1,-1,-1,-1,-1,-1,-1,-1,
-1,-1,-1,-1,-1,-1,-1,-1,-1,-1,-1,-1,-1,-1,-1,-1,-1,-1,-1,-1,2,2,2,2,10,10,10,10,10,10,10,10,10,2,2,2,2,2,10,10,10,10,2,2,2,0,2,2,2,2,2,2,2,0,0,2,2,2,2,2,2,2,2,2,2,2,2,2,2,0,0,0,0,0,0,0,0,0,0,2,2,2,2,2,2,2,2,2,2,2,2,2,2,10,10,10,2,2,-1,-1,-1,-1,-1,-1,-1,-1,
-1,-1,-1,-1,-1,-1,-1,-1,-1,-1,-1,-1,-1,-1,-1,-1,6,2,2,2,2,2,2,2,2,2,10,10,10,10,10,10,10,2,2,2,2,2,2,2,2,2,2,0,0,0,2,2,2,2,2,2,2,2,0,0,2,2,2,2,2,2,2,2,2,2,2,2,0,0,0,0,0,0,0,0,0,0,0,2,2,10,10,10,2,2,0,0,2,2,2,2,2,10,10,10,10,2,-1,-1,-1,-1,-1,-1,-1,-1,
-1,-1,-1,-1,-1,-1,-1,-1,-1,-1,-1,-1,-1,-1,-1,-1,2,2,2,2,10,10,10,10,10,10,10,10,10,10,10,2,2,2,2,2,2,2,2,2,6,6,0,0,2,2,2,2,2,2,2,2,2,2,0,2,2,2,2,2,2,2,2,0,0,0,0,0,0,0,0,0,0,2,2,0,0,0,0,2,2,10,10,10,2,2,0,2,2,2,2,2,2,2,2,2,2,-1,-1,-1,-1,-1,-1,-1,-1,-1,
-1,-1,-1,-1,-1,-1,-1,-1,-1,-1,-1,-1,-1,-1,-1,-1,2,2,2,2,10,10,10,10,10,10,10,10,10,10,10,2,2,2,2,2,2,2,2,2,6,6,0,0,2,2,2,2,2,2,2,2,2,2,0,2,2,2,2,2,2,2,2,0,0,0,0,0,0,0,0,0,0,2,2,0,0,0,0,2,2,10,10,10,2,2,0,2,2,2,2,2,2,2,2,2,2,-1,-1,-1,-1,-1,-1,-1,-1,-1,
-1,-1,-1,-1,-1,-1,-1,-1,-1,-1,-1,-1,-1,-1,2,2,2,2,2,10,10,10,10,10,10,10,10,10,10,2,2,2,2,2,2,2,2,2,2,2,6,2,0,2,2,2,2,2,10,2,2,2,2,2,2,2,2,2,2,2,2,2,0,0,0,0,0,0,0,0,0,0,0,2,2,0,0,0,0,2,10,10,10,2,2,2,2,2,2,2,2,2,2,2,2,2,2,-1,-1,-1,-1,-1,-1,-1,-1,-1,
-1,-1,-1,-1,-1,-1,-1,-1,-1,-1,-1,-1,-1,-1,2,2,2,2,2,10,10,10,10,10,10,10,10,10,10,10,10,2,2,2,2,2,2,2,2,2,2,2,2,2,2,2,10,10,10,10,2,2,2,2,2,2,2,2,2,2,2,2,0,0,0,0,0,0,0,0,0,0,2,2,2,2,2,2,2,2,2,2,2,2,2,2,2,2,2,2,2,2,2,2,2,2,2,-1,-1,-1,-1,-1,-1,-1,-1,-1,
-1,-1,-1,-1,-1,-1,-1,-1,-1,-1,-1,-1,-1,-1,-1,-1,2,2,2,2,2,10,10,10,10,10,10,10,10,10,10,10,10,2,10,10,10,10,2,2,2,2,2,2,2,2,10,10,10,10,10,2,2,2,2,2,2,2,2,2,2,2,2,2,2,2,0,0,0,0,0,0,2,2,2,2,2,2,2,0,2,2,2,2,2,2,2,2,2,2,2,2,2,2,2,2,2,-1,-1,-1,-1,-1,-1,-1,-1,-1,
-1,-1,-1,-1,-1,-1,-1,-1,-1,-1,-1,-1,-1,-1,-1,-1,2,2,2,2,2,10,10,10,10,10,10,10,10,10,10,10,10,10,10,10,10,10,2,2,2,2,2,2,2,2,10,10,10,10,10,2,2,2,2,2,2,2,2,2,2,2,2,2,2,2,2,0,0,0,0,0,2,2,2,2,2,2,2,2,2,2,2,2,2,2,2,2,2,2,2,2,2,2,2,0,2,-1,-1,-1,-1,-1,-1,-1,-1,-1,
-1,-1,-1,-1,-1,-1,-1,-1,-1,-1,-1,-1,-1,-1,-1,-1,-1,-1,-1,-1,2,10,10,10,10,10,10,10,10,10,10,10,10,10,10,10,10,10,2,2,2,2,2,2,2,10,10,10,10,10,2,2,2,2,2,2,2,2,2,2,2,2,2,2,2,2,2,2,0,0,0,0,2,2,2,2,2,10,10,10,10,10,10,10,2,2,2,2,2,2,2,2,2,2,0,2,2,-1,-1,-1,-1,-1,-1,-1,-1,-1,
-1,-1,-1,-1,-1,-1,-1,-1,-1,-1,-1,-1,-1,-1,-1,-1,-1,-1,-1,-1,2,10,10,10,10,10,2,2,2,10,10,10,10,10,10,10,10,10,10,10,10,2,2,10,10,10,10,10,10,2,2,2,2,2,2,2,2,2,2,2,2,2,2,2,2,2,2,2,0,0,0,0,2,2,2,2,2,10,10,10,10,10,10,10,2,2,2,2,2,2,2,2,2,2,2,2,2,2,2,2,6,-1,-1,-1,-1,-1,
-1,-1,-1,-1,-1,-1,-1,-1,-1,-1,-1,-1,-1,-1,-1,-1,2,2,2,2,10,10,10,10,2,2,2,2,2,10,10,10,10,10,10,10,10,10,10,10,10,10,2,10,10,10,10,10,2,2,2,2,2,2,2,2,2,2,2,2,2,2,2,2,2,2,2,0,0,0,0,0,0,2,2,2,2,2,2,10,10,10,10,10,10,10,2,2,2,2,2,2,2,2,2,2,2,2,2,2,2,6,-1,-1,-1,-1,
-1,-1,-1,-1,-1,-1,-1,-1,-1,-1,-1,-1,-1,-1,2,2,10,10,10,10,10,10,2,2,2,2,2,2,10,10,10,10,10,10,10,10,10,10,10,10,10,10,10,10,10,10,10,10,2,2,2,2,2,2,2,10,10,10,2,2,2,2,2,2,2,2,2,0,0,0,2,2,2,2,2,2,2,2,2,2,2,10,10,10,10,10,2,2,2,2,2,2,2,2,2,2,2,2,10,10,2,2,-1,-1,-1,-1,
-1,-1,-1,-1,-1,-1,-1,-1,-1,-1,-1,-1,-1,-1,2,2,10,10,10,10,10,10,2,2,2,2,2,2,10,10,10,10,10,2,2,2,2,10,10,10,10,10,10,10,10,10,10,10,10,2,2,2,2,2,2,10,10,10,2,2,2,2,2,2,10,10,2,0,0,0,2,2,2,2,2,2,2,2,2,2,2,10,10,10,10,10,2,2,10,10,10,10,2,2,2,2,2,2,10,10,2,2,-1,-1,-1,-1,
-1,-1,-1,-1,-1,-1,-1,-1,-1,-1,-1,-1,-1,2,10,10,10,10,10,10,10,10,2,2,2,2,2,2,2,2,10,10,10,2,2,2,2,2,10,10,10,10,10,10,10,10,10,10,10,10,2,2,2,2,10,10,10,10,2,2,2,2,2,2,10,10,10,2,2,2,2,2,2,2,2,2,2,2,2,2,10,10,10,10,10,10,10,10,10,10,10,10,2,2,2,2,2,2,2,2,2,2,2,6,-1,-1,
-1,-1,-1,-1,-1,-1,-1,-1,-1,-1,-1,-1,-1,2,10,10,10,10,10,10,10,10,2,2,2,2,2,2,2,2,2,2,2,2,2,2,2,2,10,10,10,10,10,10,10,10,10,10,10,10,10,2,2,2,10,2,2,2,2,0,2,2,2,10,10,10,10,2,2,2,2,2,10,10,10,2,2,2,2,10,10,10,10,10,10,2,2,10,10,10,10,10,2,2,10,10,10,2,2,2,10,10,10,10,2,-1,
-1,-1,-1,-1,-1,-1,-1,-1,-1,-1,-1,-1,-1,2,10,10,10,10,10,10,10,2,2,2,2,2,2,2,2,2,2,2,2,2,2,2,2,2,10,10,10,10,10,10,10,10,10,10,10,10,10,2,2,2,2,2,2,2,0,0,2,2,2,10,10,10,2,2,2,2,2,10,10,10,10,2,2,2,2,10,10,10,10,10,2,2,2,10,10,10,10,2,2,2,10,10,10,10,10,10,10,10,10,10,2,-1,
-1,-1,-1,-1,-1,-1,-1,-1,-1,-1,-1,-1,-1,2,10,10,10,10,10,10,10,2,2,2,2,2,2,2,2,2,2,2,2,2,2,2,2,2,10,10,10,10,10,10,10,10,10,10,10,10,10,2,2,2,2,2,2,2,0,0,0,0,2,10,10,10,2,0,2,2,2,10,10,10,10,2,2,2,2,10,10,10,10,10,2,2,2,10,10,10,10,2,2,2,10,10,10,10,10,10,10,10,10,10,2,-1,
-1,-1,-1,-1,-1,-1,-1,-1,-1,-1,-1,-1,-1,-1,10,10,10,10,10,10,2,2,2,2,2,2,2,2,2,2,2,2,2,2,2,2,2,2,10,10,10,10,10,10,10,10,10,10,10,10,2,2,2,2,2,2,2,2,2,2,2,0,2,2,2,2,2,0,2,2,2,10,10,10,2,2,2,2,2,2,2,2,2,2,2,2,2,2,2,2,2,2,2,2,10,10,10,10,10,10,10,10,10,10,2,-1,
-1,-1,-1,-1,-1,-1,-1,-1,-1,-1,-1,-1,-1,-1,-1,-1,-1,2,2,2,2,2,10,10,2,2,2,2,2,2,2,2,2,2,2,2,2,10,10,2,2,2,10,10,10,10,10,10,2,2,2,2,2,2,2,2,2,2,2,2,2,2,2,0,0,0,0,0,0,2,2,2,2,2,2,2,2,2,2,2,2,2,2,2,2,2,0,0,0,0,0,2,2,2,2,2,10,10,10,10,2,2,2,2,6,-1,
-1,-1,-1,-1,-1,-1,-1,-1,-1,-1,-1,-1,-1,-1,-1,-1,-1,2,2,2,2,2,10,10,10,10,2,2,2,2,2,2,2,2,2,2,2,10,10,2,2,10,10,10,10,10,10,10,10,2,2,2,2,2,2,2,2,2,2,2,2,2,2,0,0,0,0,0,0,0,0,2,2,2,2,2,2,2,2,2,2,2,2,2,2,0,0,0,0,0,0,0,0,0,0,2,2,2,2,2,2,2,2,2,2,-1,
-1,-1,-1,-1,-1,-1,-1,-1,-1,2,2,2,-1,-1,-1,-1,-1,2,2,2,2,2,10,10,10,10,2,2,2,2,2,2,2,2,2,2,2,10,10,2,2,10,10,10,10,10,10,10,10,2,2,2,2,2,2,10,10,2,2,2,2,2,2,0,0,0,0,0,0,0,0,2,2,2,2,2,2,2,2,2,2,2,2,2,2,0,0,0,0,0,0,0,0,0,0,0,0,2,2,2,2,2,2,2,2,-1,
-1,-1,-1,-1,-1,-1,-1,-1,2,10,10,10,2,6,-1,-1,-1,2,2,10,10,10,10,10,10,10,10,2,2,2,2,2,2,2,2,2,10,10,10,10,10,10,10,10,10,10,10,10,10,2,2,2,2,2,10,10,10,10,2,2,2,2,2,2,0,0,0,0,0,0,0,2,2,2,2,2,2,2,2,2,2,2,2,2,2,2,2,2,0,0,0,0,0,0,0,2,2,10,10,10,2,2,2,2,2,2,
-1,-1,-1,-1,-1,-1,-1,-1,2,10,10,10,10,2,-1,-1,2,2,10,10,10,2,2,2,10,10,10,2,2,2,2,10,10,10,10,10,10,10,10,10,10,10,2,2,2,10,10,10,10,10,2,2,2,2,10,10,10,10,2,2,2,2,2,2,2,0,0,0,0,0,0,0,0,2,2,2,2,10,10,10,10,2,2,2,2,2,2,2,2,0,0,0,0,0,2,2,10,10,10,10,2,2,2,2,2,2,
-1,-1,-1,-1,-1,-1,-1,-1,2,10,10,10,10,10,2,2,2,10,10,10,10,10,2,2,2,2,2,2,2,2,10,10,10,10,10,10,10,10,10,10,10,2,2,2,2,10,10,10,10,2,2,2,2,2,10,10,10,10,2,2,2,2,2,2,2,0,0,0,0,0,0,0,0,2,2,2,10,10,10,10,2,2,2,0,2,2,2,2,2,0,0,0,0,2,2,2,10,10,10,10,2,2,2,2,2,2,
-1,-1,-1,-1,-1,-1,-1,-1,2,10,10,10,10,10,2,2,2,10,10,10,10,10,10,10,2,2,2,2,2,2,10,10,10,10,10,10,10,10,10,10,10,2,2,2,2,10,10,2,2,2,2,2,2,2,10,10,10,2,2,2,2,2,2,2,2,0,0,0,0,0,0,0,0,2,2,2,10,10,10,10,2,0,0,0,2,2,2,2,2,0,0,0,0,2,2,2,10,10,10,10,2,2,2,2,2,2,
-1,-1,-1,-1,6,6,6,2,2,10,10,10,10,10,2,2,2,10,10,10,10,10,10,10,2,2,2,2,2,10,10,10,10,10,10,10,10,10,10,10,10,10,10,2,2,2,10,10,2,2,2,2,2,2,10,10,2,2,2,2,2,2,2,2,2,0,0,0,0,0,0,0,0,2,2,2,2,10,10,2,2,0,0,0,2,2,2,2,2,0,0,0,0,0,2,2,10,10,2,2,2,2,2,2,2,2,
-1,-1,2,2,2,2,2,2,2,2,2,10,10,10,10,10,10,2,10,10,10,10,10,10,10,2,2,2,10,10,10,10,10,10,2,2,2,10,10,10,10,10,10,2,2,2,10,10,10,10,2,2,2,2,2,2,2,2,2,2,2,2,2,2,0,0,0,0,0,0,0,0,0,2,2,2,2,2,2,2,0,0,0,0,0,2,2,2,0,0,0,0,0,0,0,2,2,2,0,0,0,2,2,2,2,-1,
-1,-1,2,2,10,10,10,10,2,2,2,2,10,10,10,10,10,2,2,2,2,10,10,10,10,10,10,2,10,10,10,10,10,2,2,2,2,10,10,10,10,10,10,2,2,2,10,10,10,10,10,2,2,2,2,2,2,2,2,0,0,0,0,0,0,0,0,0,0,2,0,0,0,2,2,2,0,0,0,0,0,0,0,0,0,0,0,0,0,0,0,0,0,0,0,0,0,0,0,0,-1,-1,-1,-1,-1,-1,
-1,-1,2,2,10,10,10,10,2,2,2,2,10,10,10,10,10,2,2,2,2,2,2,2,10,10,10,2,10,10,10,10,10,2,2,2,2,10,10,10,10,10,2,2,2,10,10,10,10,10,10,10,10,10,2,2,2,2,2,0,0,0,0,0,0,0,0,0,0,0,2,2,0,2,2,2,0,0,0,0,0,0,0,0,0,0,0,0,0,0,0,0,0,0,0,0,0,0,0,0,-1,-1,-1,-1,-1,-1,
-1,-1,2,2,10,10,10,10,10,10,10,10,10,10,10,10,10,10,10,10,2,2,10,10,10,10,10,2,2,10,10,10,10,2,2,2,2,10,10,10,10,10,10,2,10,10,10,10,10,10,10,10,10,10,10,2,2,2,2,2,0,0,2,2,0,0,0,0,0,0,2,0,2,2,2,2,2,2,2,2,0,0,0,0,0,0,0,0,0,0,0,0,0,0,0,0,0,0,0,0,2,2,-1,-1,-1,-1,
-1,-1,-1,2,2,10,10,10,10,10,10,10,10,10,10,10,10,10,10,10,10,10,10,10,10,10,2,2,2,2,2,2,2,2,2,2,2,2,2,10,10,2,10,10,10,10,10,10,10,10,10,10,10,10,10,10,2,2,2,2,2,2,2,2,2,2,2,0,0,0,0,0,2,2,2,2,2,2,2,2,2,0,0,0,0,2,2,2,0,0,0,0,0,0,0,0,0,0,2,2,2,2,2,-1,-1,-1,
-1,-1,-1,-1,6,10,10,10,10,10,10,2,2,10,10,10,10,10,10,10,10,10,10,10,10,2,2,2,2,2,2,2,2,6,2,2,2,2,2,2,2,2,10,10,10,10,10,2,2,2,10,10,10,10,10,10,10,2,2,2,2,2,2,2,2,2,2,2,2,2,2,2,2,2,2,2,2,2,2,2,2,0,0,0,2,2,2,2,2,0,0,0,2,2,2,2,2,2,2,2,2,2,2,2,-1,-1,
-1,-1,-1,-1,6,10,10,10,10,10,2,2,2,2,2,2,10,10,10,10,10,10,10,10,10,2,2,2,2,2,0,2,2,6,6,2,2,2,2,2,2,2,10,10,10,10,10,2,2,2,10,10,10,10,10,10,10,2,2,2,2,2,2,2,2,2,2,2,2,2,2,2,2,2,2,2,2,10,10,10,2,0,0,2,2,2,2,2,2,0,0,0,2,2,2,2,2,2,2,2,2,2,2,2,-1,-1,
-1,-1,-1,-1,6,2,10,10,10,2,2,2,2,2,2,10,10,10,10,10,10,10,10,10,10,2,2,2,2,2,2,2,2,2,6,2,2,2,2,2,2,2,10,10,10,10,2,2,2,2,10,2,2,10,10,10,2,2,2,2,2,10,2,2,2,2,2,2,2,2,2,2,2,2,2,2,2,10,10,10,2,2,2,2,2,2,2,2,2,2,2,2,2,2,2,2,2,2,2,2,2,2,2,2,-1,-1,
-1,-1,6,6,6,2,2,2,2,2,10,10,10,10,10,10,10,10,10,10,10,10,10,10,10,2,2,2,2,2,2,2,2,2,2,2,2,2,2,2,2,2,10,10,10,2,2,2,2,2,10,2,2,2,2,2,2,2,2,2,2,2,2,2,2,2,2,2,2,2,2,2,2,2,2,2,10,10,10,10,2,2,2,2,2,2,2,2,2,2,2,2,2,2,2,2,2,2,2,2,2,2,2,2,-1,-1,
-1,6,2,2,2,2,2,2,2,10,10,10,10,10,10,10,10,10,10,10,10,10,10,10,10,10,2,2,2,2,2,10,10,2,2,2,2,2,2,2,2,2,2,2,2,2,2,2,2,2,10,10,10,2,0,2,2,2,0,0,2,2,2,2,2,2,2,2,10,10,10,10,2,2,2,2,10,10,10,10,2,2,2,2,2,10,10,10,10,10,10,2,2,2,2,2,2,2,2,2,2,2,-1,-1,-1,-1,
6,2,2,2,2,2,2,2,10,10,10,10,10,10,10,10,10,10,10,10,10,10,10,10,10,2,2,2,2,2,10,10,10,10,2,2,2,2,2,2,2,2,2,2,2,2,2,10,10,10,10,10,10,2,0,2,6,2,0,0,0,0,2,2,2,2,2,10,10,10,10,10,2,2,2,2,2,10,10,10,2,2,2,2,10,10,10,10,10,10,10,2,2,2,2,2,2,2,2,2,2,-1,-1,-1,-1,-1,
6,2,2,2,2,2,2,2,10,10,10,10,10,10,10,10,2,2,2,2,10,10,10,10,10,2,2,2,2,2,10,10,10,10,2,2,2,2,2,2,2,2,2,2,2,2,10,10,10,10,10,10,10,2,0,0,6,6,2,0,0,0,0,0,0,0,2,10,10,10,10,10,2,2,2,2,2,10,10,2,2,2,2,10,10,10,10,10,10,10,10,2,2,2,2,2,2,2,2,2,2,-1,-1,-1,-1,-1,
6,2,2,2,2,2,2,2,2,10,10,10,10,10,10,2,2,2,2,2,10,10,10,10,10,2,2,2,2,2,2,10,10,10,10,10,10,2,2,2,2,2,2,2,2,2,10,10,10,10,10,10,2,2,0,0,2,2,2,0,0,0,0,0,0,0,2,10,10,10,10,2,2,2,2,2,2,10,10,10,2,2,2,10,10,10,10,10,10,2,2,2,2,2,2,2,2,2,2,2,2,2,-1,-1,-1,-1,
-1,2,2,2,2,2,2,2,2,2,10,10,10,10,2,2,2,2,2,2,2,10,10,10,2,2,2,2,2,2,2,10,10,10,10,10,10,10,2,2,2,2,2,2,2,2,2,10,10,10,10,2,2,0,0,0,2,2,2,2,0,0,0,0,0,0,2,2,10,10,2,2,2,2,2,2,2,10,10,10,10,10,10,10,10,10,10,10,2,2,2,2,2,2,2,2,2,2,2,2,2,2,-1,-1,-1,-1,
-1,-1,6,6,6,2,2,2,2,2,2,2,2,2,2,2,2,2,2,2,2,2,6,6,2,2,2,2,2,2,2,10,10,10,10,10,10,10,2,2,2,2,2,2,2,2,2,2,2,2,2,0,0,0,0,0,0,2,2,2,0,0,0,0,0,0,2,2,2,2,2,2,2,2,2,2,10,10,10,10,10,10,10,10,10,2,2,2,2,2,2,2,2,2,2,2,2,2,2,2,2,2,-1,-1,-1,-1,
-1,-1,-1,-1,-1,6,2,2,2,2,2,2,2,2,2,2,2,2,2,2,2,2,6,6,6,2,0,0,0,2,2,10,10,10,10,10,10,10,2,2,2,2,2,2,2,0,0,2,2,2,0,0,0,0,0,0,0,0,2,2,0,0,0,0,0,0,2,2,10,10,2,2,2,2,2,10,10,10,10,10,10,10,10,10,10,2,2,2,2,2,2,2,2,2,2,2,2,2,2,2,2,2,-1,-1,-1,-1,
-1,-1,-1,-1,-1,-1,2,2,2,2,2,2,2,2,2,2,2,2,2,2,2,2,6,6,6,2,2,2,2,2,2,10,10,10,10,10,10,10,10,2,2,2,2,2,2,0,0,0,2,2,0,0,0,0,0,0,0,0,2,2,0,0,0,0,0,2,2,2,10,10,2,2,2,2,2,10,10,10,10,10,10,10,10,10,10,2,2,2,2,2,2,2,2,2,2,2,2,2,2,2,2,2,-1,-1,-1,-1,
-1,-1,-1,-1,-1,-1,6,2,2,2,2,2,2,2,2,2,2,2,2,2,2,2,2,2,6,6,2,2,2,2,2,2,2,2,10,10,10,10,10,10,10,10,10,2,2,2,0,0,0,0,0,0,2,2,2,0,0,0,2,2,2,0,0,0,2,6,2,10,10,10,10,10,2,10,10,10,10,2,2,2,10,10,10,10,10,2,2,2,2,2,2,2,2,2,0,2,2,2,2,2,2,-1,-1,-1,-1,-1,
-1,-1,-1,-1,-1,-1,-1,-1,2,2,2,2,2,2,2,2,2,2,2,2,2,2,2,2,2,2,2,10,10,10,10,2,2,10,10,10,10,10,10,10,10,10,10,10,10,2,0,0,0,0,0,0,0,2,2,2,2,2,2,2,2,2,0,0,2,2,2,10,10,10,10,10,10,10,10,10,2,2,2,2,10,10,10,10,2,2,2,2,2,2,2,2,2,2,2,0,2,-1,-1,-1,-1,-1,-1,-1,-1,-1,
-1,-1,-1,-1,-1,-1,-1,-1,-1,-1,-1,-1,2,2,2,2,2,2,2,2,2,2,2,2,2,2,10,10,10,10,10,10,10,10,10,10,10,10,10,10,10,10,10,10,10,2,2,0,0,0,0,0,0,2,2,2,2,2,2,2,2,2,2,2,2,2,2,2,10,10,10,2,2,10,10,10,2,2,0,2,10,10,10,10,2,0,0,0,0,0,0,0,2,2,2,2,2,-1,-1,-1,-1,-1,-1,-1,-1,-1,
-1,-1,-1,-1,-1,-1,-1,-1,-1,-1,2,2,2,2,2,2,2,2,2,2,2,2,2,2,2,2,10,10,10,10,10,10,10,10,10,10,10,10,10,10,10,10,10,10,10,2,2,0,0,0,0,0,0,0,2,2,2,2,2,2,2,2,2,2,2,2,2,2,2,2,2,2,2,10,10,10,2,2,0,2,2,2,2,2,2,2,2,2,2,0,0,0,0,0,2,2,2,-1,-1,-1,-1,-1,-1,-1,-1,-1,
-1,-1,-1,-1,-1,-1,-1,-1,2,2,2,2,2,2,2,2,2,2,2,2,2,2,2,2,2,2,2,2,10,10,10,10,10,10,10,10,10,10,2,10,10,10,10,2,2,2,2,0,0,0,0,0,0,0,0,2,2,2,10,10,2,2,2,2,2,2,2,0,0,2,2,2,2,10,10,2,2,2,2,2,2,2,2,2,2,2,2,2,2,2,2,0,0,0,2,2,2,2,2,2,-1,-1,-1,-1,-1,-1,
-1,-1,-1,-1,-1,-1,-1,-1,2,2,2,2,2,2,2,2,2,2,2,2,10,10,10,10,2,2,2,2,2,10,10,10,10,10,10,10,10,10,2,2,2,2,2,2,2,2,0,0,0,0,0,0,0,0,0,2,2,10,10,10,10,10,2,2,2,2,2,2,2,2,2,2,2,2,2,2,2,2,2,2,2,2,2,2,2,2,2,2,2,2,2,0,0,0,2,2,2,2,2,2,2,-1,-1,-1,-1,-1,
-1,-1,-1,-1,-1,-1,-1,-1,2,2,2,2,2,2,2,2,2,2,2,2,10,10,10,10,2,2,2,2,2,2,2,2,2,10,10,10,10,10,2,2,2,2,2,2,2,2,0,0,0,2,2,2,2,0,0,2,10,10,10,10,10,10,10,2,2,2,2,2,2,2,2,2,2,2,2,2,2,2,2,2,2,2,2,2,2,2,2,2,2,2,2,2,0,0,2,2,2,2,2,2,2,-1,-1,-1,-1,-1,
-1,-1,-1,-1,-1,-1,-1,-1,2,2,2,2,2,2,2,2,2,2,2,2,10,10,10,10,2,2,2,2,2,2,2,10,10,10,10,10,10,10,2,2,2,2,2,2,2,2,0,0,0,2,2,2,2,2,0,2,2,2,10,10,10,2,2,2,2,2,2,2,2,2,2,2,2,2,2,2,2,2,2,2,2,2,2,2,2,2,2,2,2,2,2,2,0,0,2,2,2,2,2,2,2,-1,-1,-1,-1,-1,
-1,-1,-1,-1,-1,-1,-1,-1,-1,-1,2,2,2,10,10,10,10,2,2,2,10,10,2,2,2,2,2,2,2,2,2,10,10,10,10,10,10,2,2,2,2,2,2,2,2,2,0,2,2,2,2,2,2,2,0,0,0,2,2,2,2,2,2,2,2,2,2,2,2,2,2,2,2,2,2,2,2,2,2,2,2,2,2,2,2,2,2,2,2,2,2,2,2,2,2,2,2,2,2,2,2,-1,-1,-1,-1,-1,
-1,-1,-1,-1,-1,-1,-1,-1,-1,-1,-1,2,2,10,10,10,10,10,2,2,2,2,2,2,2,2,2,2,2,2,2,10,10,10,10,10,10,2,2,2,2,2,2,2,2,2,2,2,2,2,2,2,2,2,0,0,0,0,0,2,2,2,2,2,10,10,10,10,2,2,2,2,2,2,2,2,2,10,10,10,10,2,2,2,2,2,2,2,2,2,2,2,2,2,2,2,2,2,2,2,2,-1,-1,-1,-1,-1,
-1,-1,-1,-1,-1,-1,-1,-1,-1,-1,-1,2,10,10,10,10,10,10,2,2,2,2,2,2,10,10,10,10,2,2,2,10,10,10,10,10,2,2,2,2,2,2,2,2,2,2,2,2,2,2,2,2,2,2,2,0,0,0,0,2,2,2,2,2,10,10,10,10,2,2,2,2,2,2,2,2,10,10,10,10,10,2,2,2,2,2,2,2,2,2,2,2,2,2,2,2,2,2,2,2,2,-1,-1,-1,-1,-1,
-1,-1,-1,-1,-1,-1,-1,-1,2,2,2,2,10,10,10,10,10,10,2,2,10,2,2,2,10,10,10,10,2,2,2,10,10,10,10,10,2,2,2,2,2,2,2,2,2,2,2,2,2,2,2,2,2,2,2,0,0,0,0,2,2,2,2,2,10,10,10,10,2,2,2,2,2,2,2,2,10,10,10,10,10,2,2,2,2,2,2,2,2,2,2,2,2,2,2,2,2,2,2,2,2,-1,-1,-1,-1,-1,
-1,-1,-1,-1,-1,-1,-1,2,2,10,10,10,10,10,10,10,10,10,10,10,10,10,2,2,2,10,10,10,10,2,2,2,2,2,2,2,2,2,2,2,2,2,2,2,2,2,2,2,2,2,2,2,2,2,2,2,2,0,0,0,2,2,2,2,2,2,2,2,2,2,2,2,2,2,2,2,10,10,10,10,2,2,2,2,2,2,2,2,2,2,2,2,2,2,2,2,2,2,2,2,2,-1,-1,-1,-1,-1,
-1,-1,-1,-1,-1,-1,-1,2,2,10,10,10,10,10,10,10,10,10,10,10,10,10,10,10,2,2,2,2,2,2,2,2,2,2,2,2,2,2,2,2,2,2,2,10,2,2,2,2,2,2,2,2,2,2,2,2,2,2,0,0,2,2,2,2,2,2,2,2,2,2,2,2,10,10,10,10,10,10,10,2,2,2,2,2,10,10,10,10,2,2,2,2,2,2,10,10,2,2,2,2,-1,-1,-1,-1,-1,-1,
-1,-1,-1,-1,-1,-1,-1,2,2,10,10,10,10,10,10,10,10,10,10,10,10,10,10,10,2,2,2,2,2,2,2,10,10,10,10,2,2,2,2,2,2,10,10,10,10,2,2,2,2,2,2,2,2,2,2,2,2,2,2,0,2,2,2,2,10,10,10,2,2,2,2,2,10,10,10,10,10,10,10,2,2,2,2,10,10,10,10,10,10,2,2,2,2,2,10,10,2,2,-1,-1,-1,-1,-1,-1,-1,-1,
-1,-1,-1,-1,-1,-1,-1,2,2,10,10,10,10,10,10,10,10,10,10,10,10,10,10,10,2,2,0,0,0,2,2,10,10,10,10,2,2,2,2,2,2,10,10,10,10,10,2,2,2,2,2,2,2,2,2,2,2,2,2,0,2,2,2,2,10,10,10,2,2,2,2,2,2,10,10,10,10,10,10,2,2,2,2,10,10,10,10,10,10,2,2,2,2,2,2,2,2,6,-1,-1,-1,-1,-1,-1,-1,-1,
-1,-1,-1,-1,-1,-1,-1,-1,2,2,2,2,10,10,10,10,10,10,10,10,10,10,10,10,2,2,0,0,0,2,2,10,10,10,10,10,10,10,2,2,2,10,10,10,10,10,2,2,2,2,2,2,2,2,2,2,2,2,2,0,2,2,2,10,10,10,10,10,2,2,2,2,2,2,10,10,10,10,10,10,10,2,2,2,10,10,10,10,10,10,10,2,2,2,2,2,2,-1,-1,-1,-1,-1,-1,-1,-1,-1,
-1,-1,-1,-1,-1,-1,-1,-1,-1,-1,-1,2,2,10,10,10,10,10,10,10,10,10,2,2,2,2,0,0,2,2,2,10,10,10,10,10,10,10,10,10,10,10,10,10,10,10,2,2,2,2,2,2,2,2,2,2,2,0,0,0,0,0,2,10,10,10,10,10,10,10,10,10,2,0,2,10,10,10,10,10,10,10,2,2,2,2,2,10,10,10,10,10,2,2,2,-1,-1,-1,-1,-1,-1,-1,-1,-1,-1,-1,
-1,-1,-1,-1,-1,-1,-1,-1,-1,2,2,2,2,10,10,10,10,10,10,10,2,2,2,2,2,2,2,2,2,2,2,10,10,10,2,2,2,2,2,10,10,10,10,10,10,10,2,2,2,10,10,10,10,2,0,0,0,0,0,0,0,0,0,0,0,0,2,10,10,10,10,10,2,0,2,2,10,10,10,10,10,10,2,2,2,2,2,10,10,10,10,10,2,2,2,-1,-1,-1,-1,-1,-1,-1,-1,-1,-1,-1,
-1,-1,-1,-1,-1,-1,-1,-1,-1,2,2,2,2,2,10,10,10,10,10,2,2,2,2,2,2,2,2,2,2,2,2,2,2,2,2,2,2,2,10,10,10,10,10,10,10,10,2,2,2,10,10,10,10,2,0,0,0,0,0,0,0,0,0,0,0,0,2,10,10,10,10,10,2,0,2,2,10,10,10,10,10,10,2,2,2,2,2,2,10,10,10,10,2,2,2,-1,-1,-1,-1,-1,-1,-1,-1,-1,-1,-1,
-1,-1,-1,-1,-1,-1,-1,-1,-1,2,2,2,2,2,2,10,10,10,2,2,2,2,2,2,2,2,2,2,2,2,2,2,2,2,2,2,2,2,10,10,10,10,10,10,10,2,2,10,10,10,10,10,2,2,0,0,0,0,0,0,0,0,0,0,0,0,2,2,10,10,10,10,2,2,2,2,2,2,2,10,10,10,10,2,2,2,2,2,10,10,10,10,10,10,2,-1,-1,-1,-1,-1,-1,-1,-1,-1,-1,-1,
-1,-1,-1,-1,-1,-1,-1,-1,-1,-1,-1,-1,2,2,2,2,2,2,2,2,2,2,2,2,2,2,2,2,2,2,2,0,0,2,2,2,10,10,10,10,10,10,10,2,2,2,2,2,10,2,2,2,2,0,0,0,0,0,0,0,0,0,0,0,0,0,0,2,2,2,2,2,2,2,2,2,2,2,2,10,10,10,10,10,2,2,2,2,2,2,2,2,2,2,2,-1,-1,-1,-1,-1,-1,-1,-1,-1,-1,-1,
-1,-1,-1,-1,-1,-1,-1,-1,-1,-1,-1,-1,2,2,2,2,2,-1,-1,-1,2,2,2,2,2,2,0,2,2,2,2,0,0,2,10,10,10,10,10,10,10,10,2,2,2,2,2,2,2,2,2,0,0,0,0,0,0,0,0,0,0,0,0,0,0,0,0,0,0,2,2,2,2,2,2,2,2,2,10,10,10,10,10,10,2,2,2,2,2,2,2,2,2,2,2,-1,-1,-1,-1,-1,-1,-1,-1,-1,-1,-1,
-1,-1,-1,-1,-1,-1,-1,-1,-1,-1,-1,-1,2,2,2,2,2,-1,-1,-1,2,2,2,2,2,2,2,0,0,0,0,0,0,10,10,10,10,10,10,10,10,10,2,2,2,2,0,0,0,0,0,0,0,0,0,0,0,0,0,0,0,0,0,0,0,0,0,0,0,2,2,2,2,2,2,2,2,10,10,10,10,10,10,10,2,2,2,2,2,2,2,2,2,2,2,-1,-1,-1,-1,-1,-1,-1,-1,-1,-1,-1,
-1,-1,-1,-1,-1,-1,-1,-1,-1,-1,-1,-1,-1,-1,-1,-1,-1,-1,-1,-1,-1,2,2,2,2,2,2,2,0,2,2,0,0,10,10,10,10,10,10,10,10,10,2,2,2,2,2,0,0,0,0,0,0,0,0,0,0,0,0,0,0,0,0,0,0,0,0,2,2,2,2,2,2,2,2,2,10,10,10,10,10,10,10,2,2,2,2,2,2,2,2,2,2,2,2,-1,-1,-1,-1,-1,-1,-1,-1,-1,-1,-1,
-1,-1,-1,-1,-1,-1,-1,-1,-1,-1,-1,-1,-1,-1,-1,-1,-1,-1,-1,-1,-1,-1,-1,-1,2,2,2,2,2,2,2,0,0,10,10,10,10,10,2,2,10,10,10,10,10,10,2,2,0,0,0,0,0,0,0,0,0,0,0,0,0,0,0,0,0,0,0,2,2,2,2,2,2,2,2,2,10,10,10,10,10,10,10,2,2,2,2,2,2,2,2,2,2,2,2,-1,-1,-1,-1,-1,-1,-1,-1,-1,-1,-1,
-1,-1,-1,-1,-1,-1,-1,-1,-1,-1,-1,-1,-1,-1,-1,-1,-1,-1,-1,-1,-1,-1,-1,-1,2,2,2,2,2,2,2,2,2,10,10,10,10,2,0,0,0,10,10,10,10,10,10,2,0,0,0,0,0,0,0,0,0,0,0,0,0,0,0,0,2,2,2,2,2,2,2,2,2,2,2,2,10,10,10,10,10,2,2,2,2,2,2,2,2,2,2,2,2,2,2,-1,-1,-1,-1,-1,-1,-1,-1,-1,-1,-1,
-1,-1,-1,-1,-1,-1,-1,-1,-1,-1,-1,-1,-1,-1,-1,-1,-1,-1,-1,-1,-1,-1,-1,-1,2,2,2,2,2,2,2,2,2,2,2,2,2,0,0,0,0,2,10,10,10,10,2,0,0,0,0,0,0,0,0,0,0,0,0,0,0,0,0,0,2,2,2,2,2,2,2,2,2,2,2,2,2,2,2,2,2,2,2,2,2,2,2,2,2,2,2,2,2,2,2,-1,-1,-1,-1,-1,-1,-1,-1,-1,-1,-1,
-1,-1,-1,-1,-1,-1,-1,-1,-1,-1,-1,-1,-1,-1,-1,-1,-1,-1,-1,-1,-1,-1,-1,-1,2,2,2,2,2,2,2,2,2,2,2,2,2,0,0,0,0,0,2,10,10,2,2,0,0,0,0,0,0,0,0,0,0,0,0,0,0,0,0,0,2,2,2,2,2,2,2,2,2,2,2,2,2,2,2,2,2,2,2,2,2,2,2,2,2,2,2,2,2,10,2,-1,-1,-1,-1,-1,-1,-1,-1,-1,-1,-1,
-1,-1,-1,-1,-1,-1,-1,-1,-1,-1,-1,-1,-1,-1,-1,-1,-1,-1,-1,-1,-1,-1,-1,-1,2,2,2,2,2,2,2,2,2,2,2,2,0,0,0,0,0,0,2,2,2,2,2,0,0,0,2,2,2,2,0,0,0,0,0,0,0,0,0,0,2,2,2,2,2,10,10,10,2,2,2,2,2,2,2,2,2,2,2,2,2,2,2,2,2,2,2,2,2,10,2,-1,-1,-1,-1,-1,-1,-1,-1,-1,-1,-1,
-1,-1,-1,-1,-1,-1,-1,-1,-1,-1,-1,-1,-1,-1,-1,-1,-1,-1,-1,-1,-1,-1,-1,-1,-1,2,2,2,2,2,-1,-1,-1,2,2,2,2,2,0,0,0,0,0,0,0,0,0,0,0,0,2,2,2,2,2,2,2,0,0,0,0,0,0,2,2,2,2,10,10,10,10,10,2,2,2,2,2,2,2,2,2,2,2,2,2,2,2,2,2,10,10,10,10,10,2,-1,-1,-1,-1,-1,-1,-1,-1,-1,-1,-1,
-1,-1,-1,-1,-1,-1,-1,-1,-1,-1,-1,-1,-1,-1,-1,-1,-1,-1,-1,-1,-1,-1,-1,-1,-1,2,2,2,2,2,-1,-1,-1,2,2,2,2,2,2,0,0,-1,0,2,2,2,2,0,0,0,2,2,2,2,2,2,2,2,0,0,0,0,2,2,2,2,2,10,10,10,10,10,2,2,2,2,2,2,2,2,2,2,2,2,2,2,2,2,2,2,2,2,2,10,2,-1,-1,-1,-1,-1,-1,-1,-1,-1,-1,-1,
-1,-1,-1,-1,-1,-1,-1,-1,-1,-1,-1,-1,-1,-1,-1,-1,-1,-1,-1,-1,-1,-1,-1,-1,-1,-1,-1,-1,-1,-1,-1,-1,-1,2,2,2,2,2,2,0,0,-1,0,2,2,2,2,0,0,0,2,2,2,2,2,2,2,2,2,2,0,0,2,2,2,0,2,2,10,10,10,10,2,2,2,2,2,2,2,2,2,2,2,2,2,2,2,2,2,2,2,2,2,10,2,-1,-1,-1,-1,-1,-1,-1,-1,-1,-1,-1,
-1,-1,-1,-1,-1,-1,-1,-1,-1,-1,-1,-1,-1,-1,-1,-1,-1,-1,-1,-1,-1,-1,-1,-1,-1,-1,-1,-1,-1,-1,-1,-1,-1,-1,2,2,2,2,2,0,0,-1,0,2,2,2,2,2,2,0,2,2,2,2,2,2,2,2,2,2,2,0,2,2,2,2,2,2,2,10,10,10,2,2,2,-1,-1,-1,-1,-1,-1,2,2,2,2,2,2,2,2,2,2,2,2,2,2,-1,-1,-1,-1,-1,-1,-1,-1,-1,-1,-1,
-1,-1,-1,-1,-1,-1,-1,-1,-1,-1,-1,-1,-1,-1,-1,-1,-1,-1,-1,-1,-1,-1,-1,-1,-1,-1,-1,-1,-1,-1,-1,-1,-1,-1,-1,0,0,0,0,-1,-1,-1,0,2,2,2,2,2,2,0,2,2,2,2,2,2,2,2,2,2,2,2,2,2,2,2,2,0,2,2,2,2,2,-1,-1,-1,-1,-1,-1,-1,-1,2,2,2,2,2,2,2,2,2,2,2,2,2,2,-1,-1,-1,-1,-1,-1,-1,-1,-1,-1,-1,
-1,-1,-1,-1,-1,-1,-1,-1,-1,-1,-1,-1,-1,-1,-1,-1,-1,-1,-1,-1,-1,-1,-1,-1,-1,-1,-1,-1,-1,-1,-1,-1,-1,-1,-1,-1,-1,-1,-1,-1,-1,-1,-1,0,0,0,2,2,2,2,6,6,6,6,2,2,2,2,2,2,2,2,2,2,2,0,2,2,2,2,2,2,2,-1,-1,-1,-1,-1,-1,-1,-1,2,2,2,2,2,2,2,2,2,2,2,2,2,2,-1,-1,-1,-1,-1,-1,-1,-1,-1,-1,-1,
-1,-1,-1,-1,-1,-1,-1,-1,-1,-1,-1,-1,-1,-1,-1,-1,-1,-1,-1,-1,-1,-1,-1,-1,-1,-1,-1,-1,-1,-1,-1,-1,-1,-1,-1,-1,-1,-1,-1,-1,-1,-1,-1,0,0,0,2,2,2,2,6,6,6,6,2,2,2,2,2,2,2,2,2,2,2,0,2,2,-1,-1,-1,-1,-1,-1,-1,-1,-1,-1,-1,-1,-1,2,2,2,2,2,2,2,2,2,2,2,2,2,2,-1,-1,-1,-1,-1,-1,-1,-1,-1,-1,-1,
-1,-1,-1,-1,-1,-1,-1,-1,-1,-1,-1,-1,-1,-1,-1,-1,-1,-1,-1,-1,-1,-1,-1,-1,-1,-1,-1,-1,-1,-1,-1,-1,-1,-1,-1,-1,-1,-1,-1,-1,-1,-1,-1,-1,-1,-1,2,2,2,2,2,6,6,6,6,6,6,2,2,2,2,2,2,2,2,2,2,2,-1,-1,-1,-1,-1,-1,-1,-1,-1,-1,-1,-1,-1,2,2,2,2,2,2,2,2,2,2,2,-1,-1,-1,-1,-1,-1,-1,-1,-1,-1,-1,-1,-1,-1,
-1,-1,-1,-1,-1,-1,-1,-1,-1,-1,-1,-1,-1,-1,-1,-1,-1,-1,-1,-1,-1,-1,-1,-1,-1,-1,-1,-1,-1,-1,-1,-1,-1,-1,-1,-1,-1,-1,-1,-1,-1,-1,-1,-1,-1,-1,0,2,2,2,0,2,6,6,6,6,6,6,6,2,0,2,2,2,2,2,2,2,-1,-1,-1,-1,-1,-1,-1,-1,-1,-1,-1,-1,-1,-1,2,2,2,2,2,2,2,2,2,2,-1,-1,-1,-1,-1,-1,-1,-1,-1,-1,-1,-1,-1,-1,
-1,-1,-1,-1,-1,-1,-1,-1,-1,-1,-1,-1,-1,-1,-1,-1,-1,-1,-1,-1,-1,-1,-1,-1,-1,-1,-1,-1,-1,-1,-1,-1,-1,-1,-1,-1,-1,-1,-1,-1,-1,-1,-1,-1,-1,-1,-1,0,0,0,0,6,6,6,6,6,6,6,6,2,2,2,2,2,2,2,2,-1,-1,-1,-1,-1,-1,-1,-1,-1,-1,-1,-1,-1,-1,-1,-1,-1,2,2,2,-1,-1,-1,-1,-1,-1,-1,-1,-1,-1,-1,-1,-1,-1,-1,-1,-1,-1,-1,
-1,-1,-1,-1,-1,-1,-1,-1,-1,-1,-1,-1,-1,-1,-1,-1,-1,-1,-1,-1,-1,-1,-1,-1,-1,-1,-1,-1,-1,-1,-1,-1,-1,-1,-1,-1,-1,-1,-1,-1,-1,-1,-1,-1,-1,-1,-1,0,0,0,0,6,6,6,6,6,2,2,2,2,-1,-1,2,2,2,2,2,-1,-1,-1,-1,-1,-1,-1,-1,-1,-1,-1,-1,-1,-1,-1,-1,-1,2,2,2,-1,-1,-1,-1,-1,-1,-1,-1,-1,-1,-1,-1,-1,-1,-1,-1,-1,-1,-1,
-1,-1,-1,-1,-1,-1,-1,-1,-1,-1,-1,-1,-1,-1,-1,-1,-1,-1,-1,-1,-1,-1,-1,-1,-1,-1,-1,-1,-1,-1,-1,-1,-1,-1,-1,-1,-1,-1,-1,-1,-1,-1,-1,-1,-1,-1,-1,-1,-1,-1,-1,6,8,8,8,6,6,6,6,2,-1,-1,2,2,2,2,2,-1,-1,-1,-1,-1,-1,-1,-1,-1,-1,-1,-1,-1,-1,-1,-1,-1,-1,-1,-1,-1,-1,-1,-1,-1,-1,-1,-1,-1,-1,-1,-1,-1,-1,-1,-1,-1,-1,-1,
-1,-1,-1,-1,-1,-1,-1,-1,-1,-1,-1,-1,-1,-1,-1,-1,-1,-1,-1,-1,-1,-1,-1,-1,-1,-1,-1,-1,-1,-1,-1,-1,-1,-1,-1,-1,-1,-1,-1,-1,-1,-1,-1,-1,-1,-1,-1,-1,-1,-1,-1,6,8,8,8,8,8,8,6,2,-1,-1,2,0,0,2,-1,-1,-1,-1,-1,-1,-1,-1,-1,-1,-1,-1,-1,-1,-1,-1,-1,-1,-1,-1,-1,-1,-1,-1,-1,-1,-1,-1,-1,-1,-1,-1,-1,-1,-1,-1,-1,-1,-1,-1,
-1,-1,-1,-1,-1,-1,-1,-1,-1,-1,-1,-1,-1,-1,-1,-1,-1,-1,-1,-1,-1,-1,-1,-1,-1,-1,-1,-1,-1,-1,-1,-1,-1,-1,-1,-1,-1,-1,-1,-1,-1,-1,-1,-1,-1,-1,-1,-1,-1,-1,-1,6,7,8,8,8,8,8,8,6,-1,-1,-1,2,2,-1,-1,-1,-1,-1,-1,-1,-1,-1,-1,-1,-1,-1,-1,-1,-1,-1,-1,-1,-1,-1,-1,-1,-1,-1,-1,-1,-1,-1,-1,-1,-1,-1,-1,-1,-1,-1,-1,-1,-1,-1,
-1,-1,-1,-1,-1,-1,-1,-1,-1,-1,-1,-1,-1,-1,-1,-1,-1,-1,-1,-1,-1,-1,-1,-1,-1,-1,-1,-1,-1,-1,-1,-1,-1,-1,-1,-1,-1,-1,-1,-1,-1,-1,-1,-1,-1,-1,-1,-1,-1,-1,-1,6,7,7,8,8,8,8,8,6,-1,-1,-1,-1,-1,-1,-1,-1,-1,-1,-1,-1,-1,-1,-1,-1,-1,-1,-1,-1,-1,-1,-1,-1,-1,-1,-1,-1,-1,-1,-1,-1,-1,-1,-1,-1,-1,-1,-1,-1,-1,-1,-1,-1,-1,-1,
-1,-1,-1,-1,-1,-1,-1,-1,-1,-1,-1,-1,-1,-1,-1,-1,-1,-1,-1,-1,-1,-1,-1,-1,-1,-1,-1,-1,-1,-1,-1,-1,-1,-1,-1,-1,-1,-1,-1,-1,-1,-1,-1,-1,-1,-1,-1,-1,-1,-1,-1,6,7,7,7,7,7,7,8,6,-1,-1,-1,-1,-1,-1,-1,-1,-1,-1,-1,-1,-1,-1,-1,-1,-1,-1,-1,-1,-1,-1,-1,-1,-1,-1,-1,-1,-1,-1,-1,-1,-1,-1,-1,-1,-1,-1,-1,-1,-1,-1,-1,-1,-1,-1,
-1,-1,-1,-1,-1,-1,-1,-1,-1,-1,-1,-1,-1,-1,-1,-1,-1,-1,-1,-1,-1,-1,-1,-1,-1,-1,-1,-1,-1,-1,-1,-1,-1,-1,-1,-1,-1,-1,-1,-1,-1,-1,-1,-1,-1,-1,-1,-1,-1,-1,-1,6,7,7,7,7,7,7,7,6,-1,-1,-1,-1,-1,-1,-1,-1,-1,-1,-1,-1,-1,-1,-1,-1,-1,-1,-1,-1,-1,-1,-1,-1,-1,-1,-1,-1,-1,-1,-1,-1,-1,-1,-1,-1,-1,-1,-1,-1,-1,-1,-1,-1,-1,-1,
-1,-1,-1,-1,-1,-1,-1,-1,-1,-1,-1,-1,-1,-1,-1,-1,-1,-1,-1,-1,-1,-1,-1,-1,-1,-1,-1,-1,-1,-1,-1,-1,-1,-1,-1,-1,-1,-1,-1,-1,-1,-1,-1,-1,-1,-1,-1,-1,-1,-1,-1,6,8,8,7,7,7,7,7,6,-1,-1,-1,-1,-1,-1,-1,-1,-1,-1,-1,-1,-1,-1,-1,-1,-1,-1,-1,-1,-1,-1,-1,-1,-1,-1,-1,-1,-1,-1,-1,-1,-1,-1,-1,-1,-1,-1,-1,-1,-1,-1,-1,-1,-1,-1,
-1,-1,-1,-1,-1,-1,-1,-1,-1,-1,-1,-1,-1,-1,-1,-1,-1,-1,-1,-1,-1,-1,-1,-1,-1,-1,-1,-1,-1,-1,-1,-1,-1,-1,-1,-1,-1,-1,-1,-1,-1,-1,-1,-1,-1,-1,-1,-1,-1,-1,-1,6,8,8,8,7,7,7,7,6,-1,-1,-1,-1,-1,-1,-1,-1,-1,-1,-1,-1,-1,-1,-1,-1,-1,-1,-1,-1,-1,-1,-1,-1,-1,-1,-1,-1,-1,-1,-1,-1,-1,-1,-1,-1,-1,-1,-1,-1,-1,-1,-1,-1,-1,-1,
-1,-1,-1,-1,-1,-1,-1,-1,-1,-1,-1,-1,-1,-1,-1,-1,-1,-1,-1,-1,-1,-1,-1,-1,-1,-1,-1,-1,-1,-1,-1,-1,-1,-1,-1,-1,-1,-1,-1,-1,-1,-1,-1,-1,-1,-1,-1,-1,-1,-1,-1,6,7,7,7,7,7,7,7,6,-1,-1,-1,-1,-1,-1,-1,-1,-1,-1,-1,-1,-1,-1,-1,-1,-1,-1,-1,-1,-1,-1,-1,-1,-1,-1,-1,-1,-1,-1,-1,-1,-1,-1,-1,-1,-1,-1,-1,-1,-1,-1,-1,-1,-1,-1,
-1,-1,-1,-1,-1,-1,-1,-1,-1,-1,-1,-1,-1,-1,-1,-1,-1,-1,-1,-1,-1,-1,-1,-1,-1,-1,-1,-1,-1,-1,-1,-1,-1,-1,-1,-1,-1,-1,-1,-1,-1,-1,-1,-1,-1,-1,-1,-1,-1,-1,-1,8,15,15,15,15,15,7,7,6,-1,-1,-1,-1,-1,-1,-1,-1,-1,-1,-1,-1,-1,-1,-1,-1,-1,-1,-1,-1,-1,-1,-1,-1,-1,-1,-1,-1,-1,-1,-1,-1,-1,-1,-1,-1,-1,-1,-1,-1,-1,-1,-1,-1,-1,-1,
